+8562051796762
+8562051793750
+8562052883180
+856309840071
+8562051686663
+8562051698937
+8562051797257
+8562059652205
+856309842908
+8562051713427
+8562052640925
+856309842477
+8562059620902
+8562051753818
+8562051809433
+856309841540
+856309841299
+8562059644095
+856309842823
+8562051735687
+8562051762586
+856309842195
+8562051722536
+8562052612520
+8562051701854
+856309842894
+856309843957
+8562051711941
+856309843379
+856309840012
+856309840063
+8562051732488
+856309844517
+856309844092
+8562052720688
+856309843017
+8562051697374
+8562051712566
+8562051715187
+856309842439
+8562051696144
+8562059743890
+856309841319
+8562051689744
+8562051718127
+856309842724
+8562051748251
+8562051689682
+856309844059
+8562051816484
+8562051697393
+856309844013
+8562051761301
+8562051846589
+8562051702872
+8562052815097
+856309843541
+8562051697485
+856309841354
+8562051712922
+8562051731244
+856309842726
+8562052749083
+856309841712
+8562051830472
+856309841284
+8562051711656
+8562052640381
+856309843686
+8562051798905
+856309843722
+856309844703
+8562052887025
+856309840977
+856309841139
+856309843672
+8562051819627
+8562051697322
+8562052802136
+856309842115
+8562059941506
+8562052605519
+8562051741219
+856309841136
+8562052606139
+856309841852
+856309844179
+8562051742218
+856309842444
+8562051718404
+8562051688438
+856309841828
+8562051717585
+856309844476
+856309844903
+8562051698734
+8562052710180
+856309841053
+8562059913200
+8562051696467
+8562051698337
+856309843933
+8562052901900
+8562052705806
+8562051726216
+8562051757713
+856309842285
+8562051696227
+8562051820876
+856309842242
+8562051781454
+8562059670723
+8562052621059
+856309841437
+8562052650954
+8562051693788
+8562051717539
+8562051736961
+856309841776
+856309842945
+8562051699643
+8562052615901
+8562051713667
+8562051698637
+8562052826609
+856309841390
+8562051762236
+8562051747741
+8562052624380
+8562059660493
+856309841114
+856309841035
+8562051759820
+8562051787877
+856309842494
+856309843607
+8562051693798
+8562051843327
+8562052811680
+856309844219
+8562051737167
+8562059681501
+8562052647045
+8562059901406
+8562051698658
+856309841968
+8562051713143
+8562052706986
+856309841466
+856309840780
+8562052629520
+856309841230
+8562051810809
+8562052825540
+8562051739769
+8562051812132
+856309840788
+856309842029
+856309844422
+8562059570602
+8562051743645
+856309840460
+8562052908006
+8562051810212
+8562051764432
+8562059620198
+8562059934085
+856309844278
+8562051697092
+8562052680711
+8562052745407
+8562059930510
+8562052870352
+8562051771722
+8562051739340
+856309841218
+856309844786
+856309844207
+856309842721
+8562052790212
+8562051721154
+856309840803
+8562051718757
+856309842526
+8562051701073
+8562051737465
+8562051833955
+856309840396
+856309841969
+856309840405
+856309844693
+8562059742501
+856309844470
+856309844137
+8562052618086
+8562051696367
+8562052909530
+8562052613703
+8562059762048
+8562052606610
+856309841029
+8562052720622
+856309840052
+8562051699427
+856309840879
+8562051826532
+8562051708981
+8562059663035
+8562051824903
+856309844131
+856309840238
+8562051714767
+856309842389
+8562051763014
+8562051781517
+8562059903793
+8562051711936
+8562051755643
+856309842583
+8562051718695
+8562052692809
+8562051697217
+8562051752624
+856309841974
+8562051780315
+8562052622750
+8562051719134
+856309843129
+8562051729167
+8562051694187
+856309840961
+8562052622201
+8562051781491
+856309844006
+8562051763078
+856309842757
+856309840894
+8562052663407
+8562051781027
+856309840993
+856309841262
+8562051691131
+856309840237
+8562051694080
+8562051702862
+8562051812645
+8562052630289
+8562051694847
+856309841568
+8562051772153
+8562051791403
+856309844444
+856309841380
+856309844602
+8562051698953
+8562052822054
+8562051692143
+8562051817597
+8562051702826
+856309841672
+8562052703691
+8562051703438
+8562054190620
+856309841844
+8562051718459
+8562052780052
+8562052801506
+856309840997
+8562051691329
+8562051699383
+8562052814086
+856309842773
+8562051848439
+856309841722
+856309842355
+8562052813045
+856309840717
+8562051689833
+856309843244
+8562051755612
+8562051811912
+8562051798088
+856309843920
+8562051711653
+856309843685
+8562052721608
+856309843099
+856309840908
+8562051856102
+8562051817576
+8562052705558
+856309840479
+8562054192702
+856309843635
+8562059620039
+8562051838275
+8562051800014
+8562051785504
+856309843758
+856309842519