963931105127
963931235806
963931373860
963931517344
963931901759
963931998548
963986446024
963987037901
963987128978
963987183533
963987324816
963987382481
963987532180
963987732388
963987802287
963987901223
963987948612
963989023676
963989046744
963989094024
963989139389
963989303280
963989412716
963989458286
963989489525
963989593229
963989688552
963989726153
963989845572
963989956665
963989996479
963990012714
963990288308
963990514787
963990620615
963990744080
963999125618
963999147842
963999266590
963999350310
963999466016
963999581154
963999716293
963999945032
963931012997
963931029835
963931036850
963931044516
963931065912
963931094564
963931130129
963931134265
963931168987
963931175127
963931201287
963931204923
963931206092
963931228384
963931278257
963931284784
963931291283
963931298672
963931299315
963931307030
963931371232
963931374202
963931380808
963931387123
963931507097
963931520794
963931589603
963931900060
963931928342
963931961438
963931967004
963931979874
963931999232
963986432065
963986435097
963986469981
963986497034
963987003133
963987032149
963987125987
963987147524
963987163883
963987165410
963987171748
963987173423
963987176555
963987182321
963987190998
963987305827
963987311719
963987345593
963987347900
963987393231
963987413879
963987420018
963987428288
963987429299
963987441610
963987446270
963987448194
963987453351
963987465912
963987495749
963987531126
963987531746
963987543058
963987551810
963987559474
963987564806
963987571444
963987586370
963987705877
963987776590
963987794683
963987893358
963987921440
963987955794
963987959266
963987974930
963987977426
963987979848
963989027468
963989034451
963989039630
963989044956
963989046855
963989056941
963989059078
963989104821
963989105690
963989132441
963989167323
963989168284
963989176134
963989181710
963989212713
963989235564
963989248913
963989341682
963989350282
963989379245
963989403100
963989406281
963989407512
963989454643
963989454920
963989494636
963989526102
963989536997
963989542900
963989560382
963989581525
963989585884
963989586819
963989602348
963989624686
963989631531
963989636510
963989647115
963989659127
963989677952
963989690717
963989712765
963989716034
963989724472
963989742112
963989789155
963989796460
963989810837
963989831356
963989839920
963989849612
963989882046
963989882333
963989921543
963989931668
963989940433
963989975337
963989992046
963989992212
963989994365
963990045903
963990047106
963990070920
963990074814
963990245384
963990256234
963990259922
963990263355
963990311017
963990320575
963990341120
963990362268
963990363689
963990373145
963990377312
963990387271
963990387354
963990418486
963990420539
963990436720
963990482400
963990484662
963990515596
963990536549
963990540518
963990573632
963990577066
963990682665
963990711302
963990712018
963990722119
963990730288
963990738003
963990761781
963990765783
963990767426
963990781047
963990784320
963990837711
963990841446
963999004930
963999023448
963999037809
963999038913
963999039791
963999065435
963999067693
963999128144
963999136588
963999139603
963999141137
963999146446
963999147906
963999199089
963999202244
963999231168
963999231188
963999233918
963999244551
963999245970
963999279439
963999292205
963999318501
963999321982
963999335811
963999353553
963999363885
963999367698
963999392534
963999392928
963999396360
963999396992
963999414580
963999428870
963999447129
963999449628
963999462305
963999495202
963999496234
963999502336
963999539707
963999553580
963999565157
963999599890
963999609751
963999630088
963999632112
963999648183
963999661669
963999667023
963999670362
963999672999
963999702711
963999707450
963999712766
963999713289
963999736063
963999741291
963999747780
963999749790
963999755362
963999755987
963999772703
963999777953
963999812667
963999833549
963999858538
963999866674
963999880716
963999893436
963999910828
963999916458
963999921113
963999944472
963999980988