25772265392
25771549888
25779975454
25771674909
25776183906
25771562682
25772280804
25776271845
25776355204
25771151182
25779782764
25779770950
25779304536
25779470538
25771946451
25772269395
25772326558
25779443512
25779266376
25776137988
25776844694
25771639386
25771208360
25771522193
25771240233
25772330555
25771791342
25776589676
25772500747
25779264049
25776022199
25771177023
25772637906
25772497404
25776024777
25772305101
25772164714
25771084516
25776671357
25771565180
25772711648
25772479412
25776541902
25776487869
25772325883
25776021769
25779705661
25779932754
25779863890
25779923353
25779322819
25771784173
25779364820
25779332500
25779710797
25776299487
25772987295
25779281475
25772791612
25771426117
25779191744
25772376585
25772156608
25776509461
25779616372
25772982843
25776511093
25779562115
25771676148
25771990532
25779001359
25779723044
25771704200
25772902628
25776862593
25772400486
25779593739
25776742486
25776329650
25776076938
25771750967
25776026467
25771706501
25772651902
25779543616
25771184659
25776286086
25776558114
25772375013
25779217724
25779076632
25779293246
25771412437
25779082972
25779142322
25772111416
25771266809
25772828179
25771870412
25779155216
25779191337
25779802285
25776299266
25771863466
25779958883
25771991981
25771284437
25772011403
25772914252
25776371107
25779577446
25771686296
25779914850
25779993834
25776572838
25772186951
25776615105
25779390729
25771024599
25771976688
25772160421
25779734435
25779269012
25771953338
25779087696
25772738750
25771181230
25771645328
25779475991
25779780272
25779680454
25771982255
25776866970
25772076636
25776005476
25772727008
25772575848
25779902466
25771899895
25772782332
25772675257
25779366057
25779921309
25776874852
25779146063
25776396182
25771838592
25771263665
25772472073
25772208246
25772499099
25776298127
25779468432
25779141101
25776580774
25772874524
25771199587
25779394958
25779600713
25776723512
25772160560
25779161459
25772249095
25772730185
25776875911
25776191640
25771849367
25771373278
25772140023
25776141546
25779010607
25771590758
25772055649
25771631088
25771513198
25779253676
25776742525
25772246336
25779412463
25779387087
25771671210
25772061045
25772717083
25772446510
25776081180
25776306325
25772222258
25771681530
25779290740
25779498695
25776722804
25772388628
25771302542
25771248943
25779674799
25772802419
25772485950
25771932687
25771714825
25772044283
25779812257
25776658118
25779682709
25779836032
25771118545
25776474574
25776296630
25771179404
25776816461
25772357061
25772710889
25771563873
25772334441
25776366528
25779330109
25772352016
25771239493
25779662576
25776966662
25772799243
25772696106
25772630933
25779563313
25772295688
25776577212
25771716503
25772278716
25772124912
25771776046
25771320865
25779561884
25776952933
25779231047
25772094568
25779475011
25779575620
25779146862
25771383270
25771807147
25779988176
25771602214
25772028976
25776478176
25779263136
25771583858
25776166681
25779977423
25779992483
25771452034
25776378204
25776073767
25771713370
25779995581
25772506230
25776306509
25776245902
25771835712
25771205097
25779529019
25779730219
25772613755
25772264839
25779994469
25779225964
25772272218
25779532656
25776174877
25771549243
25779000757
25779688311
25776815265
25776026540
25771653959
25779425505
25771332971
25771331873
25779164491
25771447679
25776585657
25772037033
25771281491
25771143008
25779553517
25779008248
25776302831
25772136471
25779829483
25771113053
25772378708
25776115192
25776840889
25772799053
25776236591
25772803804
25779252510
25771273449
25779307448
25779432814
25772350940
25772153127