9779702745775
9779768247284
9779701382163
9779709312373
9779706154170
9779701894424
9779716513682
9779701686229
9779868659593
9779860553718
9779842461878
9779863489805
9779702083097
9779762426644
9779707936570
9779706671124
9779707989907
9779755290419
9779747835911
9779703008860
9779844729825
9779702570350
9779704345615
9779761253895
9779717205162
9779755367328
9779707810200
9779708842634
9779766172780
9779716682599
9779865987136
9779703503867
9779767635672
9779707988909
9779743955051
9779709738833
9779761074797
9779766170473
9779716629911
9779844725144
9779747973113
9779709003254
9779768749845
9779864027718
9779716142062
9779842462123
9779717100758
9779703948205
9779703300732
9779709009055
9779708760360
9779864028515
9779704200932
9779768763144
9779763655938
9779714594463
9779716442697
9779702165047
9779703504048
9779768240615
9779768617613
9779742214599
9779705047868
9779709097270
9779705273104
9779709645533
9779704439315
9779705330898
9779862269961
9779709002327
9779701861583
9779708848696
9779703283640
9779743293775
9779702577344
9779744521714
9779717349720
9779747707363
9779768823669
9779747709781
9779705132256
9779843954369
9779708505924
9779761210380
9779843954486
9779705395952
9779767141656
9779708577289
9779747453406
9779764409655
9779743764862
9779843364947
9779705901367
9779868653695
9779717014621
9779867519679
9779703789276
9779745294000
9779769532515
9779702575077
9779707975234
9779747838060
9779703303723
9779700098998
9779747972278
9779706678947
9779744529273
9779747450574
9779708760146
9779703941329
9779706142900
9779766172905
9779700097305
9779706974440
9779768761162
9779701689734
9779714615549
9779701388896
9779714493602
9779713399989
9779747459217
9779704454057
9779706678226
9779701263203
9779747926268
9779716808766
9779700095373
9779762429484
9779701269226
9779709091427
9779867243470
9779702166846
9779764403053
9779701382168
9779704552290
9779702162141
9779714617138
9779767632073
9779702571207
9779700350512
9779745531977
9779714340676
9779714338967
9779703611230
9779714491833
9779709687775
9779766735593
9779743295023
9779768764550
9779708766200
9779843952428
9779750575647
9779703733572
9779843361922
9779843363030
9779867241668
9779705045228
9779747970921
9779761278339
9779708844364
9779747558619
9779716800575
9779709642008
9779842463808
9779868653567
9779706668517
9779744525724
9779714063136
9779763906264
9779767632886
9779716804501
9779766692017
9779743968652
9779713545591
9779700889672
9779768617887
9779710899060
9779768769639
9779743951982
9779842969567
9779704433008
9779768943054
9779710897838
9779703401742
9779849472979
9779707983180
9779851310414
9779700002684
9779705310940
9779861479244
9779761400052
9779713397068
9779706978880
9779705049675
9779703613562
9779708388529
9779867511763
9779716800708
9779761307550
9779765043054
9779716667127
9779707930322
9779706151408
9779750576813
9779744630110
9779705902264
9779709907731
9779842963815
9779745537700
9779745944426
9779761404371
9779706679583
9779747451795
9779706676106
9779710893719
9779704972899
9779708845722
9779763653021
9779702625846
9779745311221
9779700935845
9779857844456
9779716801619
9779703736620
9779764363629
9779707970720
9779709736555
9779703303023
9779713547054
9779702088627
9779849476792
9779747551843
9779709641836
9779716680911
9779843957480
9779709730254
9779849473988
9779769946732
9779755297078
9779703300447
9779761403614
9779761271054
9779747702585
9779701683239
9779708048631
9779761483389
9779709005365
9779768828726
9779864156053
9779745947134
9779714338737
9779743964685
9779700939000
9779703002513
9779862264823
9779708028145
9779706664230
9779761408296
9779865986133
9779745317256
9779743292836
9779744523497
9779863242729
9779745942825
9779761304934
9779716209766
9779716204177
9779743292562
9779867510422
9779864152666
9779868653053
9779703251474
9779745317260
9779741771715
9779707812834
9779708573448
9779857846844
9779714389337
9779768947271
9779768304307
9779867245718
9779700467060
9779708502361
9779857842482
9779707028488
9779844726180
9779768301979
9779868103509
9779702164639
9779702087246
9779700046336
9779701861293
9779769947761
9779707987894
9779714496668
9779761308282
9779704340285
9779750551181
9779703731670
9779716626597
9779745296552
9779714610074
9779716696688
9779700047853
9779708763547
9779769941875
9779842465121
9779743954941
9779745318518
9779768824335
9779716686431
9779843366481
9779705908514
9779708843141
9779708816173
9779755363723
9779705643736
9779709319646
9779745531912
9779868104867
9779861473573
9779709737637
9779865983530
9779714617915
9779705030342
9779766884461
9779701454190
9779703253929
9779709684165
9779766691523
9779705045406
9779701866467
9779704972622
9779704515923
9779864025761
9779700093296
9779707938582
9779747839463
9779867247255
9779764407976
9779701263716
9779844727770
9779716699787
9779708579721
9779761252432
9779707022008
9779709903401
9779742219525
9779700460775
9779765043482
9779761483458
9779709681868
9779867248714
9779710890819
9779842966229
9779865983194
9779716624507
9779767144110
9779703610660
9779706972393
9779857848065
9779704343012
9779706748702
9779701899812
9779705048304
9779708022285
9779864020721
9779709515037
9779708385457
9779702622310
9779768760122
9779709319645
9779750710870
9779710899944
9779703501415
9779743953916
9779747979435
9779747451562
9779704439520
9779745663048
9779763651565
9779743966206
9779764363023
9779708021735
9779703137195
9779717202809
9779867244299
9779702169495
9779707970353
9779704437147
9779717347813
9779702626656
9779713333227
9779703407327
9779849476847
9779704080841
9779844724547
9779708811773
9779704510065
9779865984205
9779842964953
9779749342601
9779767146337
9779745660078
9779706146924
9779767141733
9779767141049
9779700884510
9779769536717
9779769537332
9779761271637
9779864023430
9779862855070
9779716445415
9779741773854
9779716512864
9779709640953
9779714386480
9779765041963
9779768761999
9779763713235
9779717112574
9779867247227
9779745941875
9779701869338
9779707236926
9779705752717
9779703281231
9779768614469
9779761279139
9779705766389
9779744526968
9779701891710
9779763906278
9779701262401
9779704084059
9779703221184
9779704515390
9779745940114
9779706150878
9779706151607
9779703783109
9779705766717
9779851314387
9779761402826
9779706673515
9779703614524
9779716155590
9779703940556
9779714383096
9779713399529
9779750555088
9779708848740
9779703737067
9779744524456
9779714067343
9779704203100
9779763718609
9779863243635
9779706670880
9779716517632
9779707935681
9779766174647
9779702858467
9779744726733
9779714499438
9779745319161
9779706979294
9779704709951
9779707983561
9779714337153
9779708842707
9779702940685
9779865982439
9779713397037
9779716684761
9779701384133
9779765044830
9779700098994
9779703734007
9779714383060
9779863484884
9779705753862
9779704976727
9779708027478
9779745293268
9779703309124
9779716511689
9779709689350
9779867512713
9779713338313
9779705393193
9779701864453
9779713545953
9779716442585
9779713398294
9779701386076
9779864159480
9779864150092
9779766170644
9779714331049
9779767638843
9779716749302
9779707695396
9779857844119
9779717342096
9779741771031
9779742922032
9779745310599
9779700047025
9779857847753
9779717341383
9779701454274
9779716447631
9779766698423
9779714339617
9779716510136
9779844728584
9779703284016
9779709904348
9779761257214
9779849475070
9779716660652
9779764404337
9779705131656
9779851310542
9779703018542
9779713335878
9779761271578
9779701867790
9779764580712
9779700005458
9779707811829
9779700692909
9779742920881
9779703947253
9779743297864
9779707234908
9779842967835
9779717204614
9779707985438
9779700881015
9779768742676
9779744636955
9779716806681
9779741770873
9779700888509
9779702624457
9779716203173
9779706157931
9779747558613
9779707477868
9779701262876
9779700358018
9779708571748
9779768300509
9779708842896
9779768941070
9779705048316
9779714346344
9779705646955
9779708509915
9779843957682
9779707987731
9779743769895
9779708816779
9779709645176
9779713396023
9779703616903
9779713566480
9779714491337
9779766882487
9779755368563
9779764587930
9779713338920
9779716809636
9779768893855
9779766697028
9779707479937
9779701685913
9779700936652
9779701687742
9779768826963
9779716688491
9779843950641
9779747973073
9779716809217
9779707230404
9779755297254
9779851311153
9779763298723
9779708041593
9779705907504
9779706676776
9779714496172
9779768899349
9779745667222
9779703612190
9779706670307
9779707984335
9779761306744
9779763710646
9779703135737
9779844724725
9779857845598
9779708382727
9779705907317
9779763907557
9779704434059
9779703738559
9779716034091
9779708385993
9779717117846
9779704553176
9779714591589
9779709316602
9779717117029
9779745316085
9779705139735
9779709317903
9779858393413
9779706669269
9779755298210
9779706678190
9779714389986
9779750713249
9779763715880
9779743962616
9779702853928
9779707662869
9779704513758
9779747458192
9779763718510
9779713332958
9779868657461
9779704203009
9779709644064
9779743762664
9779713549638
9779713334341
9779706670596
9779743290054
9779700046791
9779703788109
9779707477888
9779703227689
9779842964110
9779701262223
9779707025079
9779745660136
9779717011057
9779703506513
9779849477076
9779706974443
9779763294013
9779701456830
9779705908930
9779851310585
9779766177985
9779705030378
9779713542854
9779747707013
9779702080703
9779701897327
9779716443498
9779764588693
9779716150936
9779706665926
9779702856279
9779704971356
9779750571509
9779703259572
9779761075701
9779716036588
9779766695466
9779713398886
9779763654166
9779843364593
9779750553277
9779708386173
9779714619381
9779706671911
9779844720847
9779709519164
9779705759061
9779867248685
9779766732468
9779707230453
9779708507587
9779863246538
9779700008410
9779843362331
9779716690857
9779708848219
9779861471924
9779702628192
9779713543848
9779713335524
9779761402520
9779701896029
9779742926201
9779702169323
9779843957924
9779705395948
9779709733903
9779865989704
9779708764859
9779745310235
9779747705343
9779707474001
9779713398440
9779717014032
9779767142317
9779705753977
9779705394024
9779704459887
9779708842178
9779713395620
9779714594093
9779701451369
9779700881955
9779761259548
9779717203074
9779704516194
9779766808121
9779747553478
9779700008793
9779714616371
9779703788959
9779714330099
9779709517314
9779763717724
9779703225532
9779863482241
9779701680845
9779709646944
9779764401956
9779703283388
9779768765244
9779844727700
9779707235831
9779761253519
9779700351379
9779716684492
9779716144922
9779755361877
9779701866493
9779842465272
9779716683426
9779769946135
9779862266925
9779863482936
9779762423385
9779701865465
9779768940501
9779843365783
9779716156659
9779867244529
9779716448278
9779701265600
9779745532626
9779701382336
9779703222851
9779766691720
9779744729278
9779707970028
9779708023182
9779714342933
9779707977912
9779710890328
9779769537922
9779707303377
9779700004065
9779717010356
9779705032305
9779706153698
9779707697737
9779716159533
9779867512461
9779768765519
9779747972167
9779747920630
9779705391750
9779716039062
9779716440004
9779702160624
9779716515668
9779763908288
9779705908100
9779857846894
9779842461009
9779716203940
9779702747657
9779708841080
9779707696395
9779704436063
9779704454769
9779767633832
9779714343386
9779863489771
9779766737288
9779714387947
9779742927352
9779745531808
9779700047494
9779700932149
9779716698420
9779706149238
9779744722268
9779842969166
9779707236004
9779868650249
9779744722732
9779713337484
9779713547195
9779762420828
9779861850742
9779747554288
9779709644433
9779704553476
9779844725788
9779863480377
9779768898245
9779864020775
9779843955887
9779703289998
9779842464098
9779700048465
9779747979183
9779704209246
9779716683509
9779768826647
9779705396965
9779747454687
9779864023675
9779700093656
9779707973520
9779741771562
9779842466168
9779700463669
9779700098074
9779705399369
9779761401029
9779703943807
9779742923872
9779704702749
9779768945288
9779702852342
9779714599562
9779707814063
9779742925387
9779704973986
9779704552366
9779865984382
9779768618291
9779768764061
9779708577659
9779843365599
9779703137121
9779714344866
9779861472584
9779708762694
9779710897727
9779716153153
9779713567797
9779864156515
9779709686601
9779766179095
9779860554061
9779705133834
9779704209609
9779709096031
9779747555089
9779701455638
9779761482020
9779714614793
9779713333033
9779743962540
9779709739679
9779716442279
9779743765245
9779709739264
9779717113636
9779704978107
9779703284256
9779709003013
9779717204000
9779703739042
9779704451514
9779744521882
9779713547791
9779864153595
9779704437936
9779761250390
9779703224622
9779703940471
9779702088165
9779863249444
9779851318602
9779767636836
9779704973799
9779763295046
9779705761033
9779750552491
9779707817473
9779763718063
9779704341436
9779766175421
9779744522005
9779761404296
9779762427558
9779842467579
9779706672485
9779707698980
9779743767797
9779863245899
9779707691540
9779704085310
9779716145352
9779704555123
9779745664301
9779704438249
9779705313051
9779766884462
9779701454137
9779703943155
9779713566122
9779742923764
9779713338451
9779863246927
9779769538209
9779767146350
9779701260428
9779700047797
9779741771135
9779764402448
9779700696570
9779703618956
9779766886124
9779705038099
9779703786214
9779716685979
9779766807182
9779716200997
9779709681508
9779749342670
9779842465582
9779716449021
9779706746021
9779713331642
9779709689105
9779709734731
9779761304224
9779709682550
9779707972061
9779717347180
9779707029940
9779714591387
9779702624517
9779710896520
9779704342727
9779708817314
9779713561920
9779743290280
9779744526288
9779743298839
9779709091188
9779745943399
9779761307105
9779747457673
9779714348806
9779706668148
9779700006692
9779716804482
9779843951039
9779703401281
9779705048893
9779705395168
9779750579841
9779704082188
9779714332433
9779741779397
9779862264350
9779744726188
9779742929075
9779705750495
9779743953773
9779843366382
9779867249623
9779716621778
9779704089748
9779709516769
9779706154151
9779864158560
9779717019928
9779707478921
9779702010689
9779703947278
9779705039061
9779700690592