249119631996
249111998881
249129246108
249100293509
249126035072
249106208522
249126924979
249126109397
249124248387
249121329678
249114681219
249107536769
249100989702
249106456640
249120378844
249116715207
249106566999
249109714975
249113533237
249114982526
249109614638
249127430787
249121726944
249123037357
249122959428
249124652555
249100288168
249110423302
249127935913
249104490117
249125793021
249102236444
249101010896
249111786436
249102402981
249114479204
249117426140
249117567029
249112700803
249101064295
249124944128
249116584895
249126805601
249117196838
249100279501
249103138766
249125204222
249124510013
249110799689
249124393420
249120454689
249108956119
249105725675
249125200428
249120120493
249123261179
249107687039
249116888173
249105058032
249116027319
249110158283
249109758298
249101120453
249104164371
249122779433
249119387217
249110635451
249118313340
249128072982
249119293109
249106294517
249126682760
249123650422
249113942857
249107277972
249115225607
249120832426
249104937210
249119640236
249123701468
249112929291
249112855633
249106108525
249116889281
249113082880
249115616633
249111860282
249115422348
249101105925
249129278690
249127037478
249121463185
249106054985
249128553667
249116962344
249108464107
249119247745
249121619479
249100336183
249112358628
249119872660
249123030367
249128029051
249100776731
249112558020
249115281552
249127627189
249127068525
249105227285
249117578360
249128486209
249108260340
249101720759
249100131203
249121187284
249104816863
249124197983
249101757657
249115203981
249108914908
249121510437
249110523665
249117312463
249126158841
249114899715
249106135752
249107889693
249129736819
249110451972
249123991163
249121487928
249106080943
249100609049
249122581075
249128376559
249124720002
249103723764
249120158659
249111865630
249119667347
249120570640
249102681509
249128222596
249118926145
249122644596
249100940971
249106933559
249105272347
249109652468
249123304275
249105731025
249119718977
249119028683
249124335019
249114152578
249106231300
249107088850
249126242569
249128927120
249103193776
249115872228
249101357841
249110022615
249100635145
249129592286
249121878665
249122794541
249120853333
249112002077
249104261062
249116320809
249113898773
249100618039
249102632482
249121396476
249118219598
249101943624
249123939209
249126640014
249105874579
249107213485
249110195804
249106293206
249128855145
249106801636
249121727825
249106972484
249126783417
249108642303
249120439837
249101046371
249109380144
249126526750
249101036037
249105912995
249104707743
249121779618
249110437219
249109732437
249114210436
249113423957
249113535418
249108342421
249121841577
249110600557
249110409250
249114293795
249112441413
249116041392
249101393001
249110593143
249125613399
249127989779
249124842685
249119784480
249126537445
249122800144
249107579761
249112161861
249106251123
249110993927
249111841828
249112149756
249125503767
249129685550
249110004799
249103033046
249128493267
249102743146
249109177387
249100815727
249106339694
249124968250
249109928711
249119541829
249100713241
249116711198
249104992128
249102267195
249127969027
249121000848
249118959561
249114977776
249103535029
249110022765
249117100480
249126328855
249114956550
249106536211
249106365904
249125905358
249115655300
249106054629
249116335558
249108693889
249102368666
249127860452
249114816400
249106474693
249127728044
249111699858
249127371672
249108464637
249102665023
249110929367
249109587078
249128268914
249124582449
249121745257
249119881258
249124105532
249121992538
249113824089
249108263493
249119101389
249102196452
249125300729
249105772398
249119734628
249115523084
249103131694
249110516796
249118352182
249125184819
249112337756
249114783927
249119153088
249123256715
249116706653
249124420878
249121680098
249120559035
249119770507
249118629348
249104947101
249113328112
249127627053
249119714941
249106706155
249113335921
249115969399
249113146263
249111053324
249103141175
249102963179
249118730864
249105162182
249100849443
249100365383
249125620639
249103946856
249118629141
249113974479
249127921534
249101491954
249110099738
249101116767
249105160242
249111138143
249124842098
249101005488
249123525615
249120634334
249127165430
249119965521
249114583121
249121426275
249125496991
249112185622
249123382712
249111690279
249122604106
249103158780
249121701036
249117348904
249102673235
249128145362
249119095718
249103071744
249110472849
249101258124
249126196510
249108474582
249113086182
249103713986
249123223120
249114255793
249103673624
249109520559
249122045586
249126595035
249106213339
249114642844
249124248048
249113824355
249107995625
249120587866
249124676759
249123852611
249127042648
249110074263
249112255405
249105347928
249121646406
249127742447
249119693550
249117535200
249116588587
249123601575
249100361282
249123683078
249124908945
249124036539
249108054370
249115578371
249119651949
249109940708
249112176216
249117968904
249128068259
249102799800
249100532712
249111293066
249112126911
249121394293
249113750624
249114996081
249119295160
249101373716
249120049631
249123571772
249101094571
249124616952
249106431310
249104400932
249120196198
249116841669
249106681790
249105906823
249100309821
249107330764
249118714446
249112831505
249110414959
249127205759
249103471074
249104937100
249127446928
249121506596
249119876830
249115311987
249123026146
249127624654
249115646241
249121012542
249120504000
249128187236
249127916100
249127330618
249126482061
249118235190
249108551641
249128667636
249117931504
249105098714
249108916684
249111827344
249111311865
249104788170
249107220363
249116244124
249109010649
249119053285
249112752254
249115423007
249119708824
249127869767
249105485535
249111362526
249123512566
249123649044
249110872536
249114985341
249114987777
249103522457
249128913198
249102128738
249116324535
249120799656
249116444541
249109017058
249101434320
249114167785
249129532246
249129709961
249118239257
249113221155
249120384883
249104406304
249118474056
249115237848
249111900594
249124083035
249116434291
249103250312
249107068391
249120747905
249109499026
249119751778
249128642582
249103736611
249120816126
249112036061
249106490273
249120188491
249106730429
249126667803
249107414194
249101233667
249113056322
249103777476
249111129897
249113302003
249110459261
249120092464
249124664445
249105285666
249111699055
249110875124
249108975867
249103576868
249112841478
249108921698
249129336408
249112796986
249111511388
249112926719
249119930779
249107653255
249129008294
249105416911
249114396211
249122186518
249123208555
249123714409
249116899823
249117601166
249108948674
249106551859
249112824733
249102586647
249129442461
249116907115
249113935516
249124991055
249129458019
249128513970
249126013501
249112331541
249100475026
249108990247
249110761641
249116601998
249117525481
249121169105
249117621612
249120906680
249124757047
249100845468
249129213055
249126100806
249116579585
249124766236
249110335336
249128125237
249128775606
249126253182
249123422309
249119414119
249107815947
249117553777
249118768999
249111857611
249119936415
249129267520
249121154203
249119367419
249116182825
249122892415
249106273910
249108272798
249107826262
249122716881
249128575860
249127319438
249114756284
249123630129
249127559579
249111129597
249106302642
249109992054
249106455439
249118078574
249106910220
249125720182
249129754627
249120749396
249106545542
249100401723
249107254240
249111353468
249128439145
249128682666
249103408206
249100346698
249129100488
249109549902
249112204995
249103614189
249111486449
249106848602
249113565862
249111956660
249108853816
249128338103
249122141937
249108554875
249105356145
249127745890
249112338380
249107044438
249117584257
249119727721
249100459120
249111369326
249122512649
249115695018
249126555874
249100826435
249106393551
249107911039
249106009158
249108358096
249100896522
249125226144
249119507301
249102522150
249100643803
249111088348
249120536719
249123459891
249102834188
249100758007
249118617008
249108350321
249123514887
249116838408
249103705919
249111732847
249101734772
249113585373
249109952350
249128510713
249126369897
249121047181
249120142984
249111676580
249126295336
249126059700
249120895143
249122394357
249117926598
249104918445
249116531314
249120226612
249108670393
249128659478
249111839488
249109519733
249105294471
249110272992
249119291377
249125148528
249122452029
249125717075
249100600636
249115574149
249111123737
249115195714
249118150753
249123300979
249117185671
249118617583
249100774914
249125081826
249109989293
249127352222
249107529093
249120388244
249107418615
249101646002
249103001177
249122613076
249128119020
249120148883
249110956466
249107973663
249113760568
249112489296
249117498362
249103079043
249101371911
249104207264
249126465630
249126617809
249101092511
249121931361
249123120996
249114356584
249122975441
249110972964
249126546237
249125120997
249126317730
249127759595
249108023407
249106606365
249104022174
249107746754
249123292668
249108199587
249116718226
249118551846
249101679043
249116472777
249128812632
249119589123
249117422920
249107572967
249101656260
249101652506
249124864278
249124478379
249128237697
249110750665
249103802522
249105936839
249115222828
249106503022
249104747759
249113580152
249127872152
249102959044
249105828903
249102406750
249117941949
249108089868
249126111960
249109160761
249123061626
249129052569
249115402340
249119280813
249118787009
249128126405
249116952207
249116030579
249107175839
249107593328
249100554413
249108479452
249115027439
249120132485
249110491680
249126629313
249100072320
249129509902
249123451793
249101617816
249122825199
249111240809
249115904974
249128311992
249117796906
249129720093
249126608893
249124518018
249125824084
249112199262
249103359084
249104587578
249106315871
249123606979
249112163735
249104781034
249115481696
249115992173
249123838105
249116642921
249125995770
249108508732
249129111828
249105590619
249129202256
249129715059
249109804028
249121757820
249108552797
249114388608
249111395975
249126789588
249106787943
249110311630
249111903468
249106282378
249117748575
249117160259
249100329475
249109499154
249114562138
249128458438
249104560388
249114355026
249106864729
249108097481
249107733494
249100379112
249117445585
249102292797
249114173123
249110476188
249124482113
249114643705
249103891085
249105208221
249126132103
249104965698
249120952295
249115996831
249102194424
249115480723
249115210593
249121948069
249129398761
249119070451
249126840356
249116267820
249120786170
249107260314
249125727375
249109534766
249125442432
249110055043
249120270512
249111109832
249103735856
249110395439
249125874248
249107954497
249108599613
249110911201
249125650604
249127060073
249123249694
249106670463
249122502719
249128406145
249123090157
249110379496
249109667702
249103197720
249124235601
249104481004
249112013221
249101886777
249121191736
249117365184
249110818398
249110349571
249123313677
249106209941
249100951513
249125302720
249105765667
249109925843
249109859274
249127513998
249110318850
249127419272
249127433071
249114858269
249109066925
249120844460
249101799903
249110225928
249115005226
249125651595
249104663896
249108558592
249129538120
249124021704
249118607991
249120800808
249105628144
249111701118
249104097911
249123954568
249110609418
249108748401
249123654197
249102885810
249105026699
249114672131
249116918529
249127361439
249115782386
249117368178
249100687032
249103464341
249127851799
249122440322
249112570087
249107441178
249106689741
249124617400
249115326068
249123044734
249128250352
249115388373
249109310328
249109615511
249112880141
249121684544
249100614430
249128626598
249123483270
249101582219
249100244821
249128733065
249118806970
249121156411
249104370007
249129019960
249100803322
249125262894
249113844153
249116034640
249100748682
249122485433
249108043144
249107253711
249101758282
249120789383
249102798151
249118887087
249116612934
249103453267
249121612559
249126012912
249129462943
249109530770
249101512089
249107822545
249111086562
249102478863
249109624062
249119852800
249129459047
249109640541
249116214968
249128446604
249108515393
249126025404
249118064884
249114521654
249118419644
249101523536
249127429379
249109150152
249117289050
249100475484
249126037324
249122927436
249123744457
249103940558
249113304000
249113761098
249119603512
249122726460
249107974442
249117408578
249123504694
249102462160
249101786019
249123182533
249108928610
249100674098
249101841104
249122088947
249101092960
249100936260
249126576696
249123234855
249115066286
249110993373
249116040512
249106381368
249100268651
249110990583
249128373167
249128057722
249116373417
249121256798
249100901088
249102040876
249108468277
249128388771
249108569226
249100270961
249126321992
249115104160
249102505829
249116857590
249100306658
249112797982
249109304493
249115288152
249116772682
249105356639
249115759543
249106763489
249120948557
249127476972
249114048088
249110044141
249107263733
249112374907
249106700632
249105157672
249125772906
249103159885
249110793286
249104811139
249105687480
249102697609
249118388695
249104635134
249116739860
249107987502
249107128660
249122926292
249121116226
249109262896
249128005000
249120358304
249118883096
249122984672
249116826616
249106940083
249113939087
249106317037
249125607900
249107423509
249121149698
249128128813
249121751875
249127682631
249106719921
249111225884
249122571379
249114407674
249114335753
249126832357
249123650615
249113970252
249114010131
249110311255
249100475165
249102618145
249117425431
249118302733
249107819653
249100521649
249121041545
249111119618
249123691234
249129012010
249124037798
249105452982
249119307533
249123659165
249106439158
249117531518
249128357430
249100837363
249113763632
249107144861
249119694272
249122866444
249127983016
249105953191
249104303537
249117139744
249111381443
249102333069
249129378530
249100925446
249116336763
249116608965
249102032341
249105120317
249115024258
249108930464
249104399759
249122462985
249102038036
249123382512
249111758208
249106928638
249123474526
249115535667
249112025276
249100981887
249106687644
249127605461
249118236468
249100783129
249105865289
249110461352
249109919690
249112586809
249122113702
249122432008
249120066052
249126381429
249108973921
249126299750
249119785778
249123448411
249122196902
249109119878
249105067540
249124815308
249124984459
249120234362
249129200316
249122051268
249128927992
249105889782
249104171933
249111740686
249106807219
249117355447
249127337053
249111016667
249107892805
249105904211
249120201612
249123017940
249126227734
249109112226
249122294157
249117569381
249122145255
249107334306
249125886830
249111443952
249101614280
249108164660
249101978782
249117859244
249117916662
249115919195
249119405703
249115264660
249128583975
249109792033
249129429277
249101262449
249123951978
249115308855
249121998275
249104072460
249126488724
249107794928
249115632087
249118297852
249105608078
249125235432
249122514354
249129123367
249129015944
249123364220
249103833585
249120085791
249102295054
249119077390
249114148679
249103924986
249127087214
249122401506
249103069089
249102337975
249100944961
249114683337
249123922954
249127780447
249105717993
249114277602
249117646994
249113194627
249120200778
249103988009
249108770977
249103182549
249123123646
249123719946
249100032722
249127436297
249114940082
249127346283
249107625981
249128623221
249124141227
249113181443
249128239707
249115817241
249125141130
249126621607
249117057854
249112671644
249106529194
249118937631
249103810715
249127586148
249127420332
249116212104
249106752736
249120686393
249109089733
249118632820
249122224305
249112971899
249102779617
249100196095
249111582202
249114319062
249110043354
249107104577
249102746213
249118846763
249101458280
249114871393
249107944350
249125891174
249128331730
249107272613
249104809262
249125925453
249120043372
249108646174
249119359769
249129560726
249109205119
249115367161
249125843987
249104304858
249127254429
249105482513
249112766089
249118789283
249123504776
249112775755
249122365672
249111139196
249110785761
249110653664
249127826267
249126646719
249127673437
249127238875
249125192106
249113254447
249125980147
249122207859
249124855174
249121034983
249122203680
249109153188
249111639193
249123027359
249110906901
249109534300
249111182884
249120558416
249111033554
249108482874
249117479545
249129591768
249126569289
249106182429
249124730197
249127117506
249122305736
249114083534
249117325751
249108796261
249121150926
249114533208
249125452587
249104851253
249102833590
249123657443
249101858296
249127652051
249110326878
249101229891
249105232132
249105150823
249121618760
249118413486
249110969440
249116367663
249102190082
249100327960
249107532505
249114977002
249113095494
249126629727
249107311948
249103506696
249115836972
249107846669
249113232401
249101567027
249127965609
249119991341
249112472177
249101941856
249106159721
249102980370
249100922049
249122322509
249124510388
249124738917
249121456095
249114694766
249105110500
249129366339
249101341694
249100610586
249116071825
249106484486
249113127729
249123886291
249117351539
249108866520
249123788440
249124591567
249102371841
249123958989
249120899553
249104809799
249116281615
249111242668
249119644581
249123469037
249108988929
249118630130
249122703470
249122366915
249107045648
249108969386
249118885565
249120743798
249118217822
249111561517
249114720411
249109788485
249129623621
249117949933
249121772282
249123813292
249129021387
249102458329
249118994918
249113508700
249100669652
249103429489
249104642235
249123467418
249123901248
249114845752
249113680336
249101190557
249110837796
249109753312
249112802292
249126356351
249119106509
249111185574
249109525107
249112533840
249108933686
249112523788
249127308978
249117163599
249108443319
249109156863
249111942612
249124357368
249117781251
249127544405
249121813592
249120898225
249103832303
249114458365
249106896555
249103556548
249117053113
249123382585
249127842629
249100710578
249102613188
249107165983
249103624580
249115598464
249104884811
249106174598
249108114347
249129181155
249122751689
249126543498
249129382670
249118697261
249107381537
249103020064
249110116264
249113571471
249106266937
249111640291
249119528363
249112967835
249112968129
249112445302
249127913438
249113124595
249115245308
249114899497
249113837946
249122307712
249108456367
249126474821
249103362707
249117649314
249102649515
249108836566
249111705175
249108099651
249122273173
249119561064
249128669552
249128551680
249108081656
249112221276
249116902005
249122874133
249111487795
249120898271
249100898810
249104516655
249129256978
249111205968
249109434574
249124226600
249105388573
249114832962
249121615807
249125405484
249101497428
249114049662
249101828937
249128985072
249120813997
249127459303
249128242755
249125627175
249114255529
249101990821
249106930927
249126991399
249122225976
249122370924
249121390687
249112696271
249115525779
249127567387
249128058827
249115501063
249106206631
249127044584
249105990520
249115280487
249100721546
249102233249
249117475854
249111440415
249108791515
249111132148
249114194582
249103534837
249105765928
249106962777
249129127576
249107670447
249106418593
249120612990
249113094692
249126212745
249102578354
249107228528
249129310296
249106256558
249112275912
249109754206
249103543632
249106573617
249105495000
249124538643
249125660184
249124254851
249118743579
249121727798
249128617168
249108569200
249126791717
249106769288
249123922149
249124192982
249108110447
249116867868
249120674120
249109010482
249110428332
249122389913
249121763926
249100855332
249128276002
249113588633
249102256313
249126113072
249101692926
249121849136
249127644810
249108190607
249119084489
249123046791
249100814472
249127065649
249112100328
249115771586
249114157791
249110177890
249114761750
249120183922
249118904582
249107689263
249100717097
249120697853
249102896295
249103256260
249118676837
249117466499
249122718922
249113113856
249103455235
249126273423
249123987886
249108252119
249109345065
249122979871
249126091678
249109842437
249100976605
249107330152
249120002778
249112992024
249125248021
249113280917
249128049340
249106528657
249114442862
249110391052
249100888257
249101579149
249113539862
249117252398
249124875263
249117123312
249114179783
249113677941
249101630693
249113541265
249112513579
249110794852
249100850207
249108597703
249118010732
249108287592
249106976170
249108090617
249120970929
249112280431
249127866391
249121899668
249113499333
249115830851
249105144806
249113456615
249110711356
249118339548
249106806134
249103380884
249104185648
249106027818
249104967645
249127411191
249116633834
249115555129
249107910480
249117688912
249115035076
249104063660
249122203567
249102110103
249108474018
249108832948
249117497994
249108665364
249114275361
249118085763
249100942583
249101274441
249103533897
249108349263
249115040050
249103687054
249106753100
249122901867
249103891759
249102287635
249117549892
249110479651
249107338797
249102439078
249124882636
249115615802
249122379257
249107874000
249107297487
249102275478
249112821297
249101190726
249126289922
249122714880
249107040655
249106736667
249120361221
249118585572
249103577844
249106692233
249126316754
249120803608
249119443421
249115921383
249112272130
249114117630
249105520848
249118352866
249103524396
249113357826
249108107012
249122924137
249113834395
249120563891
249129021005
249124452858
249103420975
249126320542
249124673452
249124579397
249121242316
249107376242
249128927209
249102761009
249118051023
249124377069
249113540319
249126644131
249120629174
249110897383
249109076057
249100518284
249111585649
249111014438
249117261091
249103031132
249110270037
249119670891
249105446425
249102025818
249104931061
249113686135
249125755438
249121075044
249123890910
249125465179
249119593822
249113588836
249100051275
249103294850
249113469801
249126271699
249100476606
249102111941
249126548495
249107652653
249117291841
249123236279
249101567145
249120430821
249118944227
249124545235
249124664966
249123782241
249103426441
249114331609
249107827742
249111197335
249113295519
249124544099
249109398562
249113057754
249115263824
249100276127
249103460064
249114463792
249120713543
249117029419
249102868051
249105940489
249103711970
249115814759
249115805282
249117050356
249126421784
249125416266
249112620165
249124758547
249117472106
249120900128
249115883883
249120228692
249104310985
249109458762
249128613183
249114893070
249120982686
249105502246
249103954965
249111799636
249106184707
249125944020
249113878841
249125778585
249118881281
249100650554
249103843191
249100516736
249105122176
249115714763
249110799493
249100561478
249117652173
249104182963
249106109686
249109918590
249102839430
249115535892
249117162012
249127380382
249101762922
249115723998
249103431199
249116108730
249128853610
249112345572
249104353774
249121948615
249115520330
249105661585
249118260482
249123253138
249120951863
249105812422
249127149299
249122156006
249110806484
249103306318
249121513237
249104526343
249107495517
249100918161
249122772670
249119942641
249110020226
249105653630
249127631790
249111178385
249127952216
249109886763
249115862586
249111689518
249125039948
249113716854
249126117882
249127160867
249111757661
249111310979
249125581215
249111298029
249117216494
249123045959
249110941398
249112571664
249106502206
249124800644
249101550899
249113112676
249100085340
249101821652
249117757122
249127265930
249101711010
249112470239
249104004076
249125391164
249125903694
249106079167
249109510352
249117339660
249121967466
249126761457
249127041654
249127757569
249115650633
249126880526
249110844666
249118348314
249109932203
249111983150
249114912779
249111400267
249115537900
249119709454
249120015120
249129689996
249108058086
249102972057
249113955505
249108107944
249103594850
249123545687
249112073685
249114364737
249112914028
249101109054
249126913144
249120406430
249129425233
249103075997
249127470280
249100191341
249115126106
249115944367
249105291095
249108321888
249108716092
249105470472
249108885990
249105077498
249122228338
249117162692
249115285894
249117090634
249118284172
249109092795
249122736624
249119086333
249116762991
249113153844
249119548064
249126715172
249120549943
249110283111
249124604383
249126168530
249120306426
249126492350
249113274067
249109168680
249122432860
249124334814
249113597832
249112936003
249109254115
249107029045
249102018843
249104065287
249126868097
249103296742
249116650482
249126508915
249102603844
249100647500
249109044089
249114273095
249117665418
249126167519
249117366722
249119224901
249101492424
249128184003
249124957229
249121967287
249104822381
249126486756
249104319910
249108950698
249105160277
249115737303
249103261858
249104221585
249110370344
249125499629
249115565549
249103110062
249121709464
249119908188
249121222495
249100952481
249124203851
249113586050
249121824004
249100640153
249126439419
249112611670
249129735444
249110968628
249118074035
249119826431
249125997985
249100494451
249129247717
249129251013
249124773377
249104600880
249129629374
249112605085
249125270011
249114716356
249101258350
249123374232
249110818356
249116716409
249120023462
249100575062
249100643329
249102999171
249114023323
249114857125
249103903844
249123787953
249116026089
249102942624
249121765467
249123879926
249125844157
249118251049
249102472379
249117702102
249124400704
249110613587
249103387789
249102302786
249113240615
249107922494
249107299095
249127606199
249100285116
249118644197
249112616302
249100436909
249105592174
249112540584
249118524403
249120215608
249126261240
249119098695
249100478732
249118450502
249114312236
249102090625
249125448510
249116648937
249109479903
249128777500
249115292037
249111897514
249103405749
249105283195
249105473144
249117230599
249102467538
249106363563
249112483835
249102560263
249116428007
249104319435
249118427368
249126848923
249109828457
249119270185
249107942390
249104633705
249103999811
249105007833
249107331462
249121049393
249121463115