249100011466
249100040257
249100043724
249100048639
249100054844
249100084165
249100092113
249100111694
249100123247
249100131170
249100136458
249100158518
249100159634
249100162212
249100163669
249100172811
249100185683
249100192255
249100204972
249100206092
249100228733
249100272960
249100276050
249100277816
249100289575
249100290744
249100301777
249100309828
249100330165
249100334617
249100338920
249100371101
249100385577
249100386913
249100395876
249100396122
249100411694
249100412262
249100434040
249100434778
249100438877
249100443192
249100494018
249100506546
249100538936
249100555226
249100573356
249100576957
249100580077
249100582434
249100584533
249100584673
249100584771
249100585056
249100612404
249100668990
249100670353
249100684503
249100694048
249100710568
249100715409
249100717878
249100718005
249100733461
249100744151
249100751314
249100777103
249100794981
249100800552
249100804158
249100812813
249100847325
249100853917
249100865024
249100872959
249100887531
249100887632
249100899495
249100902445
249100907258
249100909198
249100911221
249100913254
249100916520
249100958602
249100968362
249100973950
249100975815
249100987582
249100990584
249101001720
249101002636
249101020214
249101025182
249101030419
249101036766
249101045450
249101061922
249101076987
249101080382
249101084759
249101094020
249101116321
249101130046
249101131835
249101145038
249101161943
249101174751
249101183125
249101198155
249101231863
249101250375
249101271009
249101356547
249101360098
249101391387
249101406223
249101412305
249101418098
249101423817
249101428701
249101430346
249101438342
249101439764
249101472610
249101472724
249101496747
249101499388
249101508539
249101521592
249101523651
249101535063
249101546567
249101552179
249101563078
249101579716
249101581169
249101597507
249101602523
249101618633
249101624561
249101645953
249101649700
249101654816
249101694409
249101705733
249101707822
249101716043
249101719121
249101724089
249101724814
249101735723
249101740258
249101745058
249101769013
249101771448
249101772817
249101790589
249101818002
249101864405
249101871702
249101892192
249101896414
249101896888
249101905576
249101924796
249101927216
249101938099
249101940768
249101944389
249101947349
249101967915
249101983368
249101994044
249102003523
249102006165
249102027421
249102037036
249102040791
249102102461
249102137603
249102139393
249102220160
249102266785
249102286749
249102295111
249102321478
249102330040
249102338076
249102341671
249102348699
249102366447
249102400106
249102407311
249102414484
249102431783
249102436420
249102452339
249102469963
249102473658
249102491024
249102518732
249102595649
249102602675
249102618395
249102653550
249102654876
249102664432
249102669739
249102673186
249102689389
249102702525
249102708278
249102708361
249102709917
249102726202
249102730895
249102732214
249102750908
249102770036
249102774629
249102778114
249102787820
249102791785
249102798073
249102800225
249102826430
249102832382
249102848551
249102850646
249102872375
249102873157
249102892875
249102902725
249102931167
249102976676
249102998486
249103002520
249103008665
249103014371
249103028667
249103068730
249103070877
249103097595
249103102932
249103108176
249103115468
249103148514
249103154109
249103158862
249103174135
249103179043
249103182727
249103184639
249103194957
249103212173
249103216178
249103220964
249103247033
249103250667
249103253867
249103266491
249103272544
249103290921
249103295072
249103299097
249103324166
249103324945
249103359271
249103367661
249103373903
249103378672
249103379783
249103389579
249103393456
249103394246
249103399330
249103409037
249103413137
249103419048
249103422980
249103426205
249103427938
249103450240
249103457822
249103492354
249103499036
249103499435
249103516448
249103516819
249103543742
249103548416
249103556032
249103562901
249103570058
249103572655
249103573090
249103596749
249103596866
249103600399
249103614613
249103616429
249103617500
249103617769
249103625663
249103626346
249103628166
249103660654
249103676251
249103681153
249103740008
249103741157
249103745669
249103755907
249103811793
249103830520
249103835299
249103837693
249103848545
249103856958
249103882385
249103906864
249103921704
249103923907
249103929091
249103935841
249103938545
249103939671
249103952062
249103953771
249103960034
249103960331
249103991396
249104002566
249104021274
249104032691
249104036198
249104038541
249104047595
249104063521
249104068454
249104069151
249104077406
249104098880
249104136890
249104141346
249104155115
249104155934
249104173738
249104192128
249104213069
249104215392
249104216692
249104224228
249104244665
249104247904
249104280133
249104283155
249104287664
249104293752
249104300098
249104314803
249104325780
249104333477
249104335688
249104345472
249104349967
249104376853
249104377465
249104377489
249104377762
249104379731
249104392140
249104399081
249104400082
249104410546
249104410859
249104414618
249104421397
249104445839
249104458495
249104506566
249104508750
249104510434
249104521897
249104527036
249104555539
249104558838
249104560074
249104573792
249104596909
249104606117
249104609298
249104612467
249104616805
249104643985
249104653012
249104700864
249104708248
249104713085
249104753684
249104770094
249104773753
249104807227
249104814805
249104815391
249104818653
249104848404
249104852049
249104862341
249104890160
249104909021
249104916529
249104951653
249104969264
249104981376
249104985182
249104990297
249104998079
249105011277
249105022439
249105029555
249105033165
249105034103
249105038608
249105043064
249105059589
249105066274
249105091429
249105094449
249105094663
249105104327
249105110843
249105178854
249105211967
249105213942
249105219975
249105220152
249105224106
249105230703
249105235324
249105258210
249105260984
249105289136
249105312139
249105314013
249105316853
249105320460
249105328710
249105376525
249105379090
249105383427
249105384487
249105389233
249105411104
249105434875
249105444693
249105446222
249105463519
249105472172
249105475027
249105490166
249105500746
249105500803
249105530721
249105536517
249105542924
249105548787
249105552777
249105600052
249105610069
249105614460
249105623278
249105627981
249105655253
249105668083
249105672581
249105680348
249105686145
249105727313
249105730768
249105740433
249105746293
249105752534
249105755765
249105757522
249105770419
249105800655
249105813414
249105837491
249105842988
249105843679
249105844055
249105894047
249105895509
249105900389
249105912946
249105913228
249105915708
249105939721
249105949274
249105951047
249105977990
249105984511
249105991568
249106019655
249106020738
249106025037
249106031514
249106109809
249106110375
249106111169
249106141318
249106156429
249106162251
249106169781
249106191850
249106231698
249106250869
249106258876
249106275465
249106281439
249106301288
249106303466
249106336432
249106356094
249106357173
249106358310
249106382717
249106397472
249106404811
249106415615
249106461369
249106464980
249106471793
249106485795
249106507251
249106530928
249106551776
249106558175
249106563405
249106581900
249106607755
249106610898
249106618966
249106652585
249106666008
249106694769
249106699462
249106702128
249106709412
249106715017
249106715879
249106722571
249106734577
249106743716
249106784076
249106784621
249106797911
249106798880
249106801727
249106826615
249106831553
249106842648
249106852682
249106857851
249106863959
249106874468
249106880966
249106886278
249106901667
249106908366
249106910784
249106915297
249106933618
249106969399
249106969865
249106982527
249106985904
249107015081
249107016593
249107018371
249107023191
249107030538
249107061364
249107061756
249107077742
249107087331
249107096601
249107105610
249107105881
249107114798
249107121229
249107124248
249107142740
249107187927
249107208126
249107225262
249107228712
249107233811
249107249145
249107261735
249107274479
249107287554
249107288389
249107296706
249107297505
249107311217
249107314946
249107333788
249107341151
249107447444
249107447675
249107462640
249107464470
249107482283
249107524238
249107532604
249107537812
249107539487
249107550910
249107556046
249107570578
249107599526
249107605453
249107612036
249107615601
249107633815
249107686950
249107706348
249107713493
249107726239
249107740883
249107760717
249107761644
249107769099
249107800352
249107818084
249107826130
249107826159
249107857431
249107873740
249107877179
249107880063
249107884881
249107886846
249107887160
249107897956
249107915203
249107921633
249107969931
249108013271
249108048558
249108070181
249108097356
249108101690
249108102114
249108155971
249108186716
249108194674
249108238116
249108255037
249108258280
249108288577
249108314321
249108333911
249108362445
249108365609
249108368484
249108381698
249108395092
249108396424
249108408062
249108424306
249108439226
249108439295
249108439614
249108450673
249108456146
249108465741
249108502857
249108506437
249108508533
249108528664
249108530041
249108533342
249108561600
249108563985
249108572710
249108581805
249108627798
249108629299
249108636717
249108638371
249108647863
249108665407
249108667243
249108672152
249108695596
249108704943
249108716315
249108718222
249108741808
249108766544
249108802621
249108803562
249108819823
249108832878
249108855357
249108862975
249108863226
249108870850
249108884500
249108901330
249108903846
249108906209
249108906596
249108912255
249108956542
249108967169
249108990475
249109011648
249109037307
249109042626
249109056115
249109059621
249109081012
249109082310
249109085226
249109102062
249109106622
249109108870
249109114950
249109173481
249109192482
249109205215
249109213136
249109247410
249109251200
249109297674
249109304208
249109313621
249109314790
249109316415
249109322410
249109335120
249109355621
249109371716
249109383299
249109395174
249109400958
249109401657
249109462016
249109469166
249109471815
249109484228
249109492991
249109497021
249109523417
249109542236
249109561157
249109577127
249109579337
249109580217
249109582402
249109588440
249109588621
249109624152
249109638977
249109665726
249109676035
249109693517
249109722358
249109738000
249109751754
249109754938
249109762057
249109766419
249109774262
249109776392
249109777488
249109803133
249109804177
249109824925
249109826091
249109835600
249109836158
249109840182
249109854465
249109858990
249109865746
249109883884
249109894578
249109913382
249109928385
249109947251
249109949738
249109955885
249109966226
249109980959
249110000715
249110029564
249110035359
249110050057
249110052680
249110066088
249110070891
249110089224
249110095383
249110123755
249110146906
249110180366
249110181015
249110182545
249110185644
249110242992
249110258947
249110319016
249110332225
249110337805
249110372528
249110381055
249110388166
249110390196
249110400625
249110400775
249110429222
249110431599
249110438617
249110470943
249110474362
249110475368
249110482973
249110492283
249110493976
249110494033
249110503927
249110506384
249110506730
249110513629
249110522796
249110524505
249110528417
249110538392
249110541886
249110568969
249110577672
249110582808
249110589064
249110594407
249110597317
249110607106
249110608105
249110619517
249110652815
249110681541
249110699560
249110717298
249110721397
249110741646
249110750258
249110752341
249110761291
249110766534
249110770489
249110771551
249110772317
249110780039
249110782242
249110807384
249110821942
249110843378
249110891653
249110913020
249110914740
249110960830
249110969027
249111000973
249111004991
249111008965
249111019348
249111064877
249111070035
249111076377
249111139667
249111141821
249111163980
249111190116
249111196924
249111218570
249111225337
249111227306
249111227885
249111234259
249111265550
249111285406
249111305282
249111319386
249111366569
249111369053
249111377996
249111384729
249111405869
249111425117
249111471626
249111563090
249111589060
249111589572
249111595014
249111601125
249111605912
249111614287
249111616033
249111617386
249111651055
249111668851
249111685420
249111711714
249111715598
249111722815
249111746232
249111757938
249111760400
249111782153
249111797832
249111799963
249111840884
249111862882
249111878639
249111884323
249111909803
249111914766
249111936868
249111946741
249111950503
249111951633
249111961390
249111968257
249111991090
249112018543
249112033503
249112052425
249112052634
249112055014
249112060276
249112066724
249112072513
249112080438
249112087131
249112098079
249112102144
249112104299
249112132439
249112134026
249112151772
249112152453
249112164083
249112175057
249112181071
249112191313
249112212315
249112246447
249112262241
249112267043
249112301883
249112304579
249112312163
249112317028
249112318826
249112361629
249112369165
249112391893
249112392802
249112398952
249112402977
249112408560
249112415590
249112428015
249112477547
249112488697
249112538155
249112540645
249112546440
249112573137
249112624826
249112625279
249112635441
249112657416
249112672630
249112678547
249112682023
249112692067
249112711287
249112739809
249112798810
249112800833
249112821977
249112825768
249112849698
249112863621
249112863728
249112880589
249112903507
249112942118
249112943162
249112953446
249112963991
249112979699
249112986550
249112991879
249113006451
249113012926
249113015776
249113023465
249113045918
249113052388
249113062799
249113124508
249113128290
249113169264
249113174567
249113183951
249113188525
249113202823
249113207349
249113221823
249113229241
249113247119
249113249244
249113254427
249113278074
249113306323
249113311796
249113313554
249113318986
249113376445
249113395578
249113404014
249113414797
249113427374
249113437995
249113450595
249113452420
249113469512
249113470083
249113544912
249113559622
249113569486
249113573780
249113575265
249113582687
249113592296
249113612243
249113617554
249113639984
249113649337
249113652393
249113660144
249113661085
249113680126
249113687613
249113692805
249113696684
249113709388
249113766847
249113770023
249113784303
249113808014
249113829785
249113844128
249113851296
249113875873
249113877734
249113882353
249113891645
249113903913
249113914143
249113925559
249113936994
249113948609
249113954948
249113972156
249113982995
249113985932
249113990016
249114001851
249114011130
249114013617
249114040585
249114059679
249114076308
249114078685
249114080618
249114081680
249114086232
249114093157
249114104771
249114140059
249114143667
249114168138
249114174068
249114181261
249114183102
249114204153
249114208509
249114215087
249114228701
249114229648
249114231839
249114236734
249114248916
249114250145
249114259354
249114264913
249114267076
249114279283
249114306915
249114333559
249114335245
249114361298
249114390174
249114402201
249114419855
249114438838
249114447070
249114460255
249114471597
249114482230
249114482826
249114489107
249114490058
249114505666
249114511723
249114523839
249114575842
249114578519
249114657774
249114661062
249114674003
249114677085
249114678428
249114679898
249114680085
249114684986
249114725308
249114726687
249114756442
249114759530
249114764637
249114777073
249114784707
249114803865
249114809862
249114812720
249114827791
249114834985
249114848705
249114865210
249114887899
249114917284
249114934263
249114949292
249114950627
249114974156
249114976107
249114991804
249115000178
249115064134
249115072778
249115079181
249115086670
249115091732
249115092776
249115104669
249115109929
249115111819
249115117662
249115119798
249115123996
249115127015
249115127962
249115181591
249115186750
249115228909
249115229168
249115249844
249115252314
249115264390
249115279459
249115293698
249115308425
249115322605
249115341648
249115347807
249115370870
249115375592
249115378407
249115378640
249115381860
249115385122
249115386341
249115420634
249115420852
249115422281
249115426159
249115442632
249115447641
249115470184
249115481731
249115496323
249115501693
249115512691
249115521402
249115532410
249115550877
249115555672
249115578629
249115616313
249115640383
249115642674
249115645392
249115672803
249115687425
249115701966
249115704204
249115712655
249115714351
249115720382
249115750640
249115797510
249115804363
249115805815
249115806380
249115809162
249115831567
249115841641
249115843175
249115849459
249115864379
249115877464
249115886456
249115892702
249115903091
249115903750
249115910162
249115913498
249115920060
249115937429
249115949821
249115952689
249116001765
249116019717
249116038573
249116048473
249116064873
249116069603
249116070457
249116076934
249116092358
249116093610
249116097699
249116114656
249116126459
249116128844
249116163098
249116174302
249116201985
249116208998
249116227093
249116237629
249116249464
249116254925
249116260953
249116264747
249116296476
249116312623
249116315341
249116315835
249116320803
249116324771
249116339959
249116349459
249116359931
249116369058
249116388724
249116399029
249116400510
249116424024
249116428586
249116430415
249116437307
249116442527
249116452656
249116454832
249116454852
249116455406
249116456261
249116478251
249116485963
249116509084
249116520785
249116528783
249116544222
249116552741
249116557783
249116577096
249116612396
249116657745
249116674235
249116696532
249116698124
249116716710
249116722854
249116734274
249116737020
249116746782
249116756536
249116773105
249116782769
249116782994
249116790771
249116805917
249116806372
249116812680
249116814325
249116840966
249116841745
249116842021
249116853358
249116862431
249116877197
249116887857
249116911365
249116911844
249116923778
249116933623
249116948875
249116951439
249116977035
249116987047
249116987356
249116991538
249116998416
249116998524
249116999983
249117002027
249117004842
249117006048
249117014928
249117027891
249117036317
249117080550
249117082031
249117084676
249117088887
249117100641
249117116474
249117131534
249117132425
249117135271
249117167624
249117170314
249117179110
249117183788
249117198345
249117213202
249117216395
249117218007
249117220005
249117232190
249117240794
249117246746
249117266109
249117268789
249117300158
249117319545
249117329002
249117331989
249117341235
249117359871
249117360293
249117387647
249117405762
249117411869
249117426467
249117427579
249117430690
249117451571
249117490629
249117584746
249117594180
249117618875
249117622469
249117624503
249117688222
249117727736
249117729364
249117739148
249117761983
249117800166
249117802134
249117803440
249117805660
249117814739
249117824133
249117843746
249117852039
249117866578
249117869989
249117890119
249117896593
249117900594
249117908835
249117914873
249117916226
249117924513
249117939101
249117957525
249117969118
249117971142
249118000907
249118023077
249118040153
249118066810
249118077120
249118079194
249118084792
249118095088
249118101939
249118103245
249118107302
249118155029
249118157425
249118179532
249118182630
249118183107
249118196909
249118198496
249118199659
249118204240
249118205170
249118205907
249118215627
249118224942
249118227229
249118240620
249118271630
249118296283
249118323905
249118326719
249118332458
249118335601
249118340083
249118345518
249118370633
249118384466
249118384751
249118395439
249118442915
249118452131
249118459988
249118461015
249118489555
249118511025
249118529326
249118548203
249118552344
249118558701
249118562681
249118568480
249118592594
249118594260
249118676913
249118680524
249118689098
249118689327
249118692589
249118708230
249118711595
249118712537
249118713117
249118713800
249118716685
249118721638
249118723295
249118727586
249118737545
249118803785
249118807592
249118807681
249118810576
249118817725
249118819693
249118821171
249118849990
249118886393
249118903256
249118903264
249118910567
249118936868
249118961547
249118971086
249118973685
249118974364
249118987234
249119011256
249119052937
249119062042
249119062898
249119070201
249119072229
249119099918
249119102615
249119106792
249119121299
249119127513
249119138848
249119140428
249119156409
249119156749
249119177496
249119182668
249119199186
249119236067
249119269073
249119280066
249119292768
249119297953
249119328245
249119340663
249119372087
249119372208
249119406474
249119412195
249119422742
249119445104
249119455683
249119457898
249119460958
249119471213
249119490592
249119508418
249119512610
249119539332
249119547081
249119552947
249119555184
249119557212
249119630751
249119637659
249119645220
249119653409
249119667444
249119669365
249119677163
249119689361
249119700986
249119731348
249119741750
249119758933
249119761068
249119792415
249119800777
249119815778
249119838246
249119846528
249119847454
249119854558
249119876973
249119886650
249119892666
249119909076
249119919092
249119925436
249119929602
249119949493
249119968846
249120001577
249120013283
249120044671
249120058795
249120059587
249120076463
249120078845
249120094454
249120097641
249120125365
249120128380
249120131918
249120133380
249120145314
249120145653
249120166535
249120181219
249120195791
249120200715
249120203208
249120203284
249120216916
249120230291
249120244373
249120252560
249120274729
249120275890
249120301612
249120320803
249120322916
249120332744
249120333232
249120355241
249120359710
249120362471
249120401881
249120408665
249120425711
249120427710
249120432801
249120433718
249120442319
249120449002
249120449755
249120480343
249120493852
249120507951
249120513835
249120516097
249120534183
249120547872
249120557495
249120576628
249120590626
249120612602
249120635292
249120652857
249120686140
249120690004
249120700109
249120702332
249120705906
249120708487
249120708752
249120712283
249120718535
249120720868
249120724782
249120757766
249120764535
249120767063
249120767153
249120774581
249120778853
249120783006
249120796957
249120863347
249120871490
249120886178
249120907183
249120941789
249120952186
249120956426
249120957038
249120962637
249120975980
249121035708
249121040038
249121040190
249121044331
249121047584
249121049214
249121077875
249121084543
249121147801
249121149602
249121196740
249121198656
249121215421
249121244330
249121244989
249121275881
249121295645
249121301604
249121331311
249121347177
249121348137
249121373860
249121398681
249121400580
249121427556
249121429080
249121461198
249121477431
249121478682
249121497058
249121497498
249121532735
249121536614
249121585344
249121591070
249121622499
249121640089
249121646680
249121648094
249121654208
249121695248
249121705745
249121722172
249121738492
249121759165
249121787123
249121802098
249121809319
249121855962
249121861989
249121862073
249121870593
249121885840
249121893066
249121895963
249121907260
249121941738
249121943433
249121954991
249121997136
249122016605
249122023005
249122029270
249122064685
249122065070
249122065715
249122066374
249122068917
249122071181
249122073935
249122092948
249122100689
249122101137
249122155071
249122177751
249122186566
249122191232
249122194211
249122202447
249122219089
249122221739
249122230968
249122236369
249122237678
249122246952
249122251427
249122257248
249122266482
249122290388
249122291438
249122294139
249122327472
249122337616
249122346824
249122352197
249122366035
249122377494
249122383436
249122386420
249122387786
249122414041
249122414724
249122462018
249122465657
249122476993
249122487835
249122491873
249122492324
249122501959
249122505046
249122507003
249122569117
249122570674
249122573119
249122596574
249122597980
249122608056
249122616169
249122623825
249122626120
249122636115
249122670992
249122673320
249122679255
249122689730
249122706995
249122714385
249122719405
249122722987
249122730167
249122732655
249122737493
249122742210
249122754203
249122757731
249122791710
249122816266
249122823418
249122845397
249122850314
249122873356
249122884805
249122893953
249122938332
249122963413
249122966621
249123029097
249123029628
249123031146
249123051242
249123074021
249123080971
249123135373
249123138563
249123146833
249123169178
249123169799
249123172511
249123175561
249123177581
249123198093
249123202771
249123207595
249123207853
249123210641
249123219563
249123222224
249123238785
249123265258
249123329377
249123334309
249123345960
249123353176
249123374194
249123384442
249123397574
249123416390
249123432555
249123444414
249123449118
249123460399
249123471780
249123473435
249123476325
249123483878
249123490017
249123493217
249123505464
249123510702
249123522429
249123523078
249123534003
249123538550
249123572438
249123589013
249123598747
249123603042
249123623497
249123633122
249123634309
249123643577
249123648120
249123653667
249123675481
249123687776
249123697233
249123758424
249123761611
249123773044
249123787444
249123803445
249123804139
249123822072
249123834461
249123835829
249123881140
249123897376
249123906878
249123923598
249123937772
249123944519
249123952893
249123967422
249124009920
249124018636
249124020119
249124024794
249124036740
249124067507
249124098939
249124111226
249124134723
249124139899
249124147968
249124165528
249124190685
249124201043
249124215203
249124225665
249124232078
249124251295
249124272539
249124275401
249124302025
249124320878
249124326486
249124331832
249124348460
249124348831
249124376837
249124378403
249124379670
249124400908
249124410141
249124410223
249124430294
249124443199
249124453204
249124466397
249124469349
249124488323
249124489274
249124489906
249124497621
249124520402
249124526929
249124540220
249124543057
249124551358
249124567772
249124583580
249124586663
249124603320
249124629522
249124645292
249124655425
249124667637
249124692261
249124744100
249124750354
249124760655
249124793070
249124804094
249124810454
249124842547
249124880720
249124882529
249124883124
249124889570
249124892339
249124892845
249124903135
249124922148
249124925702
249124928505
249124942065
249124943218
249124959428
249124991835
249125003926
249125008851
249125013995
249125027677
249125061520
249125078072
249125120694
249125130767
249125133827
249125148428
249125162633
249125175432
249125196746
249125230869
249125270790
249125335366
249125339035
249125343003
249125344739
249125365294
249125365584
249125377671
249125395002
249125405676
249125409942
249125410684
249125452831
249125464302
249125471206
249125490462
249125512437
249125516452
249125540042
249125597880
249125609930
249125614214
249125623909
249125627858
249125638912
249125640219
249125664051
249125670532
249125681165
249125691785
249125695127
249125696888
249125716175
249125718408
249125726209
249125733947
249125746467
249125750443
249125754526
249125764006
249125843387
249125883479
249125901990
249125925907
249125957889
249125969846
249125991687
249125992176
249125995851
249126036790
249126038507
249126049923
249126055495
249126063908
249126069994
249126080124
249126081344
249126135132
249126137753
249126138097
249126160682
249126177428
249126177868
249126194493
249126200167
249126207098
249126223895
249126243922
249126289620
249126291573
249126293607
249126317936
249126342274
249126372220
249126394974
249126419101
249126426406
249126455913
249126523984
249126526027
249126527930
249126544525
249126550369
249126551208
249126574608
249126601732
249126611440
249126611470
249126634956
249126639108
249126645328
249126654220
249126669024
249126678366
249126694347
249126695871
249126699824
249126729943
249126739706
249126745274
249126749697
249126799804
249126807377
249126816590
249126876554
249126921401
249126925821
249126926093
249126929764
249126942650
249126958828
249126977367
249126986268
249126989645
249127005721
249127015050
249127021748
249127046490
249127051480
249127056180
249127063481
249127066754
249127073410
249127076413
249127111793
249127117505
249127123781
249127167326
249127171478
249127171569
249127189234
249127192481
249127194556
249127230130
249127248319
249127268797
249127279270
249127285992
249127292358
249127315816
249127316169
249127334685
249127349224
249127356178
249127385181
249127407389
249127413955
249127438157
249127445625
249127450625
249127451562
249127453305
249127455235
249127465227
249127475928
249127489686
249127500243
249127505662
249127540924
249127576591
249127600955
249127608366
249127631344
249127651434
249127682506
249127684512
249127706498
249127750969
249127763251
249127784423
249127792629
249127793722
249127808756
249127817796
249127831506
249127863187
249127864755
249127881674
249127885063
249127889591
249127896498
249127942404
249127963858
249127980892
249128019834
249128030163
249128032776
249128033628
249128047134
249128068175
249128110955
249128125218
249128136610
249128144293
249128146084
249128158510
249128162721
249128164650
249128167925
249128169857
249128193035
249128204837
249128214552
249128240562
249128259152
249128264833
249128281336
249128297962
249128298507
249128331742
249128342675
249128342941
249128363728
249128369146
249128387057
249128407239
249128411357
249128416448
249128442453
249128458376
249128493141
249128510347
249128512662
249128512750
249128520133
249128521173
249128526348
249128532556
249128542588
249128562535
249128592200
249128596354
249128600245
249128609235
249128628688
249128630959
249128636029
249128639753
249128644881
249128657860
249128666977
249128667067
249128673082
249128677458
249128681308
249128682836
249128685233
249128689797
249128690409
249128717904
249128724244
249128737718
249128742852
249128743160
249128759519
249128760403
249128769325
249128834890
249128848050
249128858155
249128935580
249128963810
249128972397
249128986567
249128997220
249129000605
249129025286
249129038367
249129061276
249129069475
249129070088
249129086442
249129096046
249129122954
249129171370
249129211287
249129217434
249129229168
249129276871
249129287366
249129296016
249129305478
249129314182
249129375884
249129383113
249129411237
249129415415
249129429082
249129439807
249129443228
249129457643
249129488927
249129495371
249129501818
249129526885
249129548405
249129556307
249129556783
249129622453
249129665019
249129692667
249129711024
249129713943
249129721261
249129744917
249129751715
249129774954
249129789506
249129798514
249129823980
249129830142
249129832524
249129850026
249129887153
249129894410
249129911515
249129916256
249129916580
249129918516
249129928487
249129964273
249129972953
249129979062
249129980678